2133421341
1614189669
736916022
813531662
2004758520
1333691395
934513834
183097140
419146864
1247585180
1505684389
1188431723
1770752128
1987040029
955672646
1996517703
248709326
1290343693
978063500
2116740590
1075277686
1989117920
1578754718
1004336493
821328839
1716668267
1355002060
1772791048
242282927
792540505
872033279
2116324282
1822375949
2017831702
345773902
171333549
999727343
1778651944
601006967
2035858384
120711272
1010145
547746198
1687930008
1705049034
1229956929
1776729795
1143903563
226095278
1480331176
1860843443
984190379
345429234
1838837026
674558650
2030032651
1437408546
1173631296
1741821004
1369266483
1798028351
1670806999
733190594
2094405611
311222986
881989071
723045582
1349253194
602433021
231749551
446160401
1066397214
372494107
569466303
419932466
1617137741
1228739243
1548412751
1646698423
1872762740
51179559
1576577752
1115413532
1520943574
922613821
1150774866
1519345021
1004970374
1232420074
1608337643
104229508
1829228880
331982997
216329299
928062740
1579422139
1887894744
329307514
1106646160
1085197960
-1
